1948 1974
1987 2013
13417 13443
14834 14860
15476 15502
15981 16007
17082 17108
17624 17650
17811 17837
18389 18415
18488 18514
19373 19399
20331 20357
22486 22512
23979 24005
25796 25822
26001 26027
31948 31974
34549 34575
36258 36284
42344 42370
44055 44081
51746 51772
53089 53115
59153 59179
59933 59959
60317 60343
60512 60538
62206 62232
63724 63750
66097 66123
67462 67488
67596 67622
70858 70884
75489 75515
79538 79564
82078 82104
83335 83361
87434 87460
87675 87701
91781 91807
95981 96007
96058 96084
98536 98562
99319 99345
100913 100939
102088 102114
102715 102741
105346 105372
105562 105588
111470 111496
114313 114339
120372 120398
121285 121311
122843 122869
123377 123403
123488 123514
126743 126769
129087 129113
131277 131303
133430 133456
135785 135811
136785 136811
137010 137036
137457 137483
141519 141545
142010 142036
142791 142817
143323 143349
144012 144038
144392 144418
146886 146912
147605 147631
148850 148876
150245 150271
153264 153290
155324 155350
155487 155513
155574 155600
156924 156950
158209 158235
164135 164161
167537 167563
169681 169707
175848 175874
176061 176087
180156 180182
182217 182243
186143 186169
189655 189681
191652 191678
194695 194721
196290 196316
199256 199282
200930 200956
218383 218409
218402 218428
220355 220381
220943 220969
222595 222621
222999 223025
223716 223742
224119 224145
224578 224604
228031 228057
228089 228115
230264 230290
233109 233135
235458 235484
235966 235992
236598 236624
239415 239441
239523 239549
243333 243359
247949 247975
250312 250338
250429 250455
253691 253717
254801 254827
257819 257845
259597 259623
262539 262565
262542 262568
267486 267512
268326 268352
268437 268463
270985 271011
275611 275637
283297 283323
283835 283861
285451 285477
286324 286350
286467 286493
287832 287858
288052 288078
288274 288300
294393 294419
294434 294460
295561 295587
301876 301902
302626 302652
303126 303152
305642 305668
308681 308707
309390 309416
311559 311585
312672 312698
313541 313567
315662 315688
316616 316642
319482 319508
320426 320452
325580 325606
327303 327329
328355 328381
330948 330974
331330 331356
333486 333512
334236 334262
335382 335408
336188 336214
338862 338888
339930 339956
340672 340698
341116 341142
342813 342839
343061 343087
345735 345761
346003 346029
350663 350689
357368 357394
357617 357643
358130 358156
364569 364595
366356 366382
366764 366790
367928 367954
372073 372099
379953 379979
380842 380868
382716 382742
382830 382856
383229 383255
386868 386894
386961 386987
387380 387406
387537 387563
392218 392244
394223 394249
394586 394612
394742 394768
394875 394901
399417 399443
400741 400767
405337 405363
405448 405474
408675 408701
409234 409260
411702 411728
418090 418116
419663 419689
419853 419879
421095 421121
426158 426184
426634 426660
428237 428263
432120 432146
435431 435457
435758 435784
435956 435982
436854 436880
437107 437133
437200 437226
437511 437537
437675 437701
438676 438702
439003 439029
439201 439227
440099 440125
440352 440378
440445 440471
440756 440782
440920 440946
441825 441851
443666 443692
444673 444699
444711 444737
445010 445036
445096 445122
445785 445811
446592 446618
448570 448596
449447 449473
449540 449566
449555 449581
455517 455543
458613 458639
459357 459383
463122 463148
463254 463280
464188 464214
472013 472039
474153 474179
475801 475827
477735 477761
479598 479624
481502 481528
491685 491711
496520 496546
498549 498575
498793 498819
499254 499280
499443 499469
502176 502202
506398 506424
507002 507028
509197 509223
513761 513787
514995 515021
524277 524303
525649 525675
526472 526498
530841 530867
541575 541601
542278 542304
544835 544861
545081 545107
547050 547076
548554 548580
549695 549721
550058 550084
558053 558079
562307 562333
563145 563171
565970 565996
569302 569328
571452 571478
571461 571487
572906 572932
575065 575091
575078 575104
577935 577961
578838 578864
579485 579511
583758 583784
584353 584379
589275 589301
589676 589702
592918 592944
593817 593843
597761 597787
597941 597967
599697 599723
600045 600071
600662 600688
600704 600730
607558 607584
607574 607600
621574 621600
624051 624077
625119 625145
627349 627375
628843 628869
630049 630075
631822 631848
632633 632659
634858 634884
642043 642069
642077 642103
644001 644027
644250 644276
647767 647793
654092 654118
655407 655433
655500 655526
659057 659083
659139 659165
659570 659596
661709 661735
662282 662308
672701 672727
675035 675061
676508 676534
681985 682011
683297 683323
683514 683540
685437 685463
685526 685552
686444 686470
689076 689102
690113 690139
692290 692316
692657 692683
693719 693745
703438 703464
710990 711016
711094 711120
713891 713917
714228 714254
715118 715144
715258 715284
717017 717043
719106 719132
719589 719615
720585 720611
725416 725442
729021 729047
729422 729448
731287 731313
732129 732155
735680 735706
736175 736201
737252 737278
737872 737898
738220 738246
739691 739717
740102 740128
741343 741369
746423 746449
752872 752898
752923 752949
753143 753169
753780 753806
756066 756092
756227 756253
757899 757925
758091 758117
758631 758657
758767 758793
764359 764385
764786 764812
764969 764995
766960 766986
768018 768044
768204 768230
768272 768298
772741 772767
774046 774072
787028 787054
787035 787061
791926 791952
793026 793052
795878 795904
801889 801915
805462 805488
805498 805524
807348 807374
809482 809508
810982 811008
811197 811223
815792 815818
815803 815829
816847 816873
820019 820045
822226 822252
823200 823226
823653 823679
829983 830009
834231 834257
836632 836658
837550 837576
840900 840926
841063 841089
841617 841643
843565 843591
844372 844398
845046 845072
846263 846289
848844 848870
855614 855640
856160 856186
860296 860322
860564 860590
865486 865512
867581 867607
868579 868605
874915 874941
876541 876567
881461 881487
882917 882943
891752 891778
891873 891899
892057 892083
893040 893066
893948 893974
900013 900039
901178 901204
901330 901356
902170 902196
902347 902373
903092 903118
909182 909208
